0000000000000000000000100000
0000000000000000000111100000
0000000000000010010110000000
0000000000000010000000000000
0111100000000100010110000000
0100010000011011010101111100
0100000000011010101001111100
0010010011001000111001011000
0000000100101100000000000000
0000000100001100000000000000
0000000100101100000000000000
0010010011001000111001011000
0100000000011010101001111100
0100010000011011010101111100
0111100000000100010110000000
0000000000000010000000000000
0000000000000010010110000000
0000000000000000000111100000
0000000000000000000000100000